======================================================================
VRPD Multi-Objective Optimization Results
======================================================================

Configuration:
  Dataset: 200.40.4.txt
  Drone config: 4
  Customers: 200
  Trucks: 10
  Drones: 4

Objective Weights:
  w_service (makespan): 0.500
  w_wait (waiting):     0.500

Primary Objectives:
  Total Service Time: 82822.02s
  Total Waiting Time: 6000964.00s
  Weighted Objective: 3041893.01

Secondary Metrics:
  Completion Rate: 100.0%
  Total Travel Distance: 6820177.03m
  Steps: 384
  Invalid Actions: 0

Routes:
  Truck-0: [46, 152, 193, 128, 51, 84, 9, 173, 14, 20, 5, 145, 75, 131, 89, 104, 120, 133, 17, 54, 42]
  Truck-1: [92, 115, 56, 135, 189, 116, 23, 181, 78, 87, 124, 31]
  Truck-2: [97, 149, 98, 19, 169, 67, 45, 164, 183, 12, 48, 199, 38, 102, 82, 177, 141, 105, 55, 176, 196, 40]
  Truck-3: [159, 27, 13, 52, 191, 39, 139, 83, 29, 106, 70, 186, 96, 90, 35, 161]
  Truck-4: [26, 60, 21, 113, 150, 41, 130, 62, 66, 154, 192, 6, 148, 99, 11, 57, 147]
  Truck-5: [132, 0, 179, 118, 136, 178, 153, 151, 174, 142, 109, 43, 197, 175, 111, 80, 22, 3, 68, 47, 119, 185, 24, 110, 180, 15, 33]
  Truck-6: [123, 72, 144, 61, 64, 79, 129, 146, 32, 4, 198, 194, 171, 167, 37, 107, 77, 88, 138]
  Truck-7: [74, 8, 34, 188, 94, 163, 100, 112, 166, 95, 25, 156, 103, 125, 127]
  Truck-8: [1, 7, 101, 81, 59, 140, 50, 30, 86, 187, 117, 165, 65, 58, 168, 122, 134, 91, 28, 158, 16, 137, 2]
  Truck-9: [49, 184, 160, 121, 162, 170, 93, 76, 108, 114, 182, 53, 126, 69, 10, 143, 195, 63]
  Drone-0: [73]
  Drone-1: [36]
  Drone-2: [18, 155]
  Drone-3: [172, 44, 71, 157, 85, 190]

Training Configuration:
  Total timesteps: 10,240
  Learning rate: 0.0003
  Batch size: 256
  Enable shaping: False
